pk e=0,0,0,0,0,0,0,0,0,0,0,0,0,0,0,0,0,0,0,0,0,0,0,0,0,0,0,0,0,0,0,0,0,0,0,0,0,0,0,0,0,0,0,0,0,0,0,0,0,0,0,0,0,0,0,0,0,0,0,0,0,0,0,0,0,0,0,0,0,0,0,0,0,0,0,0,0,0,0,0,0,0,0,0,0,0,0,0,0,0,0,0,0,0,0,0,0,0,0,0,0,0,0,0,0,0,0,0,0,0,0,0,0,0,0,0,0,0,0,0,0,0,0,0,0,0,0,0,0,0 A=0000000000000000000000000000000000000000000000000000000000000000000000000000000000000000000000000000000000000000000000000000000000000000000000000000000000000000000000000000000000000000000000000000000000000000000000000000000000000000000000000000000000000000
pk e=1,0,0,0,0,0,0,0,0,0,0,0,0,0,0,0,0,0,0,0,0,0,0,0,0,0,0,0,0,0,0,0,0,0,0,0,0,0,0,0,0,0,0,0,0,0,0,0,0,0,0,0,0,0,0,0,0,0,0,0,0,0,0,0,0,0,0,0,0,0,0,0,0,0,0,0,0,0,0,0,0,0,0,0,0,0,0,0,0,0,0,0,0,0,0,0,0,0,0,0,0,0,0,0,0,0,0,0,0,0,0,0,0,0,0,0,0,0,0,0,0,0,0,0,0,0,0,0,0,0 A=8983d837051ed343cdaa9be0d4231868993fd35e9355f633c2d77647decd60672743463ef9b3d98ee1896c996b39ef7e0d68dbfe9ff389b2ef94c47f81f834d3a2b4389e4c48f0372522c07a9231427c379e506a6cc17deb7719ba4061fbfe2dd706582efa5c3c964b623d28dbc3c95349330cf2ac73412098b3082b1f5c890c
pk e=-1,0,0,0,0,0,0,0,0,0,0,0,0,0,0,0,0,0,0,0,0,0,0,0,0,0,0,0,0,0,0,0,0,0,0,0,0,0,0,0,0,0,0,0,0,0,0,0,0,0,0,0,0,0,0,0,0,0,0,0,0,0,0,0,0,0,0,0,0,0,0,0,0,0,0,0,0,0,0,0,0,0,0,0,0,0,0,0,0,0,0,0,0,0,0,0,0,0,0,0,0,0,0,0,0,0,0,0,0,0,0,0,0,0,0,0,0,0,0,0,0,0,0,0,0,0,0,0,0,0 A=cae00a294f2e10988089a1db16fbbf393a60055a9951551dfb19119bc2e8695be2f3ea1b541651d55e95e797e84242ecd785a6df3163f206699645596de34336dd670bf20265213e04612c9f31a8cf7bf68e8720de97ee61f61e3fdce5e66ec284a6d9ac2b724770bcb7b45ee15ea2cd8db8fb9dda785cb8115f6717cef94402
pk e=0,2,0,0,0,0,0,0,0,0,0,0,0,0,0,0,0,0,0,0,0,0,0,0,0,0,0,0,0,0,0,0,0,0,0,0,0,0,0,0,0,0,0,0,0,0,0,0,0,0,0,0,0,0,0,0,0,0,0,0,0,0,0,0,0,0,0,0,0,0,0,0,0,0,0,0,0,0,0,0,0,0,0,0,0,0,0,0,0,0,0,0,0,0,0,0,0,0,0,0,0,0,0,0,0,0,0,0,0,0,0,0,0,0,0,0,0,0,0,0,0,0,0,0,0,0,0,0,0,0 A=68a937d3444a0b3ebb8545cfe9caaf5606fa76db508436800e4c3f88d5f8dbea7b3e55ab44a33291e8f9b8561bd047b250ccca4214d72dd0c9d2586930d16de69f7d005a6eb4b15664ab152d60d1a31cd6bf922b1c52c16ec6ca7dcfca99e605f961a4f7249c503102548c5cb1f8b14dd7e84ab72ab226ef9f4c73cda58a9c05
pk e=0,0,0,0,0,0,0,0,0,0,0,0,0,0,0,0,0,0,0,0,0,0,0,0,0,0,0,0,0,0,0,0,0,0,0,0,0,0,0,0,0,0,0,0,0,0,0,0,0,0,0,0,0,0,0,0,0,0,0,0,0,0,0,0,0,-2,0,0,0,0,0,0,0,0,0,0,0,0,0,0,0,0,0,0,0,0,0,0,0,0,0,0,0,0,0,0,0,0,0,0,0,0,0,0,0,0,0,0,0,0,0,0,0,0,0,0,0,0,0,0,0,0,0,0,0,0,0,0,0,0 A=27136362ff9e2f5410278c213cd62dac0006c6e9787dda099b4aeb1226711fac4c966f9f9d98b1aa177f2f96cf7b3b2b6130d402b82e616159fdaca7cd1c1f394a801911fe42b818860658ff62d270b19fd410e9f5d7af1e83fb6398132d75a47b9324bae0db4624c0417fbdc0cb34717706b4e54327bbd60a4d9709940bf001
pk e=0,0,0,0,0,0,0,0,0,0,0,0,0,0,0,0,0,0,0,0,0,0,0,0,0,0,0,0,0,0,0,0,0,0,0,0,0,0,0,0,0,0,0,0,0,0,0,0,0,0,0,0,0,0,0,0,0,0,0,0,0,0,0,0,0,0,0,0,0,0,0,0,0,0,0,0,0,0,0,0,0,0,0,0,0,0,0,0,0,0,0,0,0,0,0,0,0,0,0,0,0,0,0,0,0,0,0,0,0,0,0,0,0,0,0,0,0,0,0,0,0,0,0,0,0,0,0,0,1,0 A=04e83c0cb85480037b755b5ad7673389b1032038ae1c72de7c81b9389984f7895dbaa0ac64a725b7066257cfabe09715b57ae3673a67849e2662971009e34e8c17829da3458d6f32bc09ff6f118c9a932c77026966e1d64122fff45b349a13f8ae0c7e6c2977a18aaf8f979f53cc9d1f7d98d366d69e6f7e3a2ae6cadbcdd50c
pk e=0,0,0,0,0,0,0,0,0,0,0,0,0,0,0,0,0,0,0,0,0,0,0,0,0,0,0,0,0,0,0,0,0,0,0,0,0,0,0,0,0,0,0,0,0,0,0,0,0,0,0,0,0,0,0,0,0,0,0,0,0,0,0,0,0,0,0,0,0,0,0,0,0,0,0,0,0,0,0,0,0,0,0,0,0,0,0,0,0,0,0,0,0,0,0,0,0,0,0,0,0,0,0,0,0,0,0,0,0,0,0,0,0,0,0,0,0,0,0,0,0,0,0,0,0,0,0,0,-1,0 A=4f7ca6549cf762d8d2bee16114b7a418229cb8807e8ad9724070cea90732d338ac7c90ade82205ad39bdfc61a89b995530739e7697eff71a32c972c8e5f8297d689aa6ec0920a2436d79eda9b24d776401b6d521e477950b4c3904c112485af8aca0b36efc57e27b588a5ae76856ce015a533429b14d2e5a6fe889771188f801
pk e=0,0,0,2,-1,-1,0,1,-1,0,-2,0,-1,0,1,0,0,0,0,1,0,0,0,0,0,0,0,-2,0,0,0,0,-1,0,0,0,0,0,0,1,0,0,0,0,0,0,0,-1,1,0,0,0,0,0,0,0,0,0,0,0,0,0,0,0,0,0,0,1,-1,0,0,1,0,0,0,-1,0,1,-1,1,-1,1,0,0,0,-1,0,0,1,0,-1,-1,1,0,1,-1,0,0,0,0,0,2,0,-1,0,1,1,0,-1,0,0,0,0,0,0,0,-1,0,0,0,0,0,0,0,0,0,0,0,0,0 A=6e43742f970fcde869fd2e7c3586f413ebb9c89ea4c157b2776d471cac85cd544b5c14e99796d39b3c58f515ebc8f460ac4dc9d19e1cb1fe166b1117a48843b8de8b6da1e954069830cfe249ce595fa1c727fb348d290e52edb7f567a9bd1836afc89e42fa1853932b0913c276cc1b2c33229e2b86cb47fea344309c354ed80a
pk e=-1,0,0,-1,0,0,0,1,1,0,2,0,1,0,0,0,0,-1,-1,0,0,0,-1,0,-1,0,0,0,0,0,0,0,1,0,0,0,0,0,1,0,-1,0,0,-1,0,0,-1,1,0,0,0,0,0,0,0,0,0,0,0,0,1,0,0,0,0,0,0,0,1,0,0,1,1,0,1,0,1,1,0,-1,0,0,1,-1,0,-1,0,1,-2,1,0,-1,0,0,0,0,0,1,0,0,0,0,2,0,0,0,-1,0,0,0,-1,-1,1,0,0,1,0,0,-1,1,0,1,0,0,0,0,1,-1,0,0 A=741cbe4f71bbe1d9b72b0c2494ad88de3cc61e062541391733aab6176e8deb3e271dc7b420331e351fc7ca0163d9d8f040fd296a1261069086406636e469cc75efb4a9394c9f3651aa08bc46851468ec3306e5da2c3e8e6e6f461f7f1b9a3169d51d19b0fcbe1740187c346b3fba8a7913095b7fdc5c3823534b727da255b801
pk e=-2,0,2,0,0,0,0,0,0,0,0,0,0,0,-1,0,-1,0,1,-1,0,0,-2,2,0,0,-1,0,1,0,0,-1,0,0,0,0,0,1,0,1,0,2,0,0,1,0,0,0,0,0,1,0,-1,-1,1,0,1,0,0,0,0,-1,1,0,-1,0,0,0,0,0,0,0,0,0,0,0,0,0,0,0,-1,0,1,1,0,0,-1,1,0,0,0,0,0,0,0,0,1,-1,0,-1,0,0,0,0,0,0,0,0,0,0,0,0,0,0,0,0,0,0,0,0,0,1,0,0,1,0,0,1,0,0 A=e6db000932ee1e285a0740dc314f3fbc90706de2b5ee5f398af95df9d8a16289bdb29508598ecd1c4ceb470a183551eaa4e05b3fbd3381fdf454c261ac419baf45679fb3373015a3bcd514636bdeb8d83d999575a13a0218a0304642c8e2d61f0a932d7ad2741c08b9abc7330297748164762e05e2e92ddfc7a823c9b237b907
pk e=0,1,0,1,0,0,-2,1,1,0,0,0,1,0,0,0,-1,0,-1,-2,1,0,0,0,0,0,-1,0,0,0,2,0,0,0,0,1,0,0,0,0,0,0,0,0,0,0,0,-1,2,0,-1,0,0,0,0,0,0,0,1,0,1,0,0,2,1,1,0,1,1,1,0,0,0,0,-1,0,0,1,0,0,1,2,0,0,0,0,0,0,0,0,0,0,-1,0,1,0,0,0,0,0,0,1,0,0,2,0,0,0,0,0,0,0,0,0,0,0,0,0,0,0,0,2,0,0,0,0,0,1,-1,0 A=5b340cf00880cb492529a7c9c990ca2f42411cf9e4153ef3278ee7aa031765ed7a089937d67a2e8e5da2322107a93fee6de793761339a68d46d8fee3ce492455ccda78586bfbc6cc5fc1660cc435308057b18255b319126a42383250598f041edd389c337490690257754de3faf0e78d67803467243cec2c4d94920ecb62ce01
pk e=0,-2,-2,0,-1,4,0,0,0,1,0,3,0,1,-2,0,1,-1,-1,-1,0,-2,-1,0,0,3,-3,0,0,0,2,0,-2,1,0,-2,0,1,1,0,0,1,-2,1,0,0,0,1,2,1,2,-1,2,-1,1,0,1,0,0,0,1,-2,2,0,1,0,-1,0,2,-1,2,0,-1,0,0,1,0,-2,0,2,0,1,0,3,0,-2,-2,0,0,1,0,1,1,0,-1,0,0,0,1,-2,0,-2,0,0,0,-1,0,1,1,-1,0,0,-1,0,0,-1,0,-1,1,0,3,0,0,0,1,0,-1,0,0,0 A=6e39042f5c0d6a756fa9aa2da7c3a1641da4d54f14f4a5291a2ba2b8cb4dddb97684d2f74a7c8976f6ebde24bfa569075254cc45f50240af0addbf83975624d6f3c500c4766b18619acf587a1b250edd00665ead6f64212daa9bd92da3bd5ca12cb13f91ecc889b1c193d29f4d5e7bcf473bbf42b613209060742717bc47da0b
pk e=0,0,-2,0,2,0,1,-1,-1,-1,0,0,-2,3,0,2,-3,-1,0,0,0,0,-1,1,-1,2,-2,-2,0,0,0,0,2,0,1,2,-1,0,-2,2,0,0,0,2,-1,0,0,1,-1,-1,-2,-1,0,0,-1,2,0,0,-1,-1,-1,-1,0,1,-1,0,0,-1,1,-1,0,0,3,1,-2,0,0,0,0,0,-1,2,0,-1,-2,-1,0,0,2,2,0,-3,0,-1,-1,0,-1,1,0,-1,0,0,1,2,1,0,0,1,0,0,1,0,1,0,0,-1,0,3,0,0,1,1,0,0,0,0,1,-1,0,0 A=55c9539893bdf98eff7220eed3bcee3b4281bf3f95d00ac9c8dd126955aab05c0cd16ce554de83d5d23ae6e74d0e75f13ad442c11578c8b1ade206de0b7db18330238774e33b3de460c96997ada9f84bbf91a2e55a1b293c3277b5edcbd80f94284886d51f53f815457f41cc284aa71bb6efde815eb11e90e24379091a88640c
pk e=-1,-1,1,0,3,0,-1,-1,1,-1,0,0,-1,1,0,-2,1,0,0,-2,0,0,-1,4,0,-1,-1,-1,1,2,1,0,-2,0,0,-1,-2,1,0,-3,0,0,2,-1,0,0,-1,0,-1,-2,0,0,3,0,0,1,0,-2,0,-1,0,4,0,1,0,2,0,0,-1,0,-1,-2,0,1,1,-1,0,1,-1,1,-1,1,0,1,1,-1,0,-2,1,1,1,0,1,0,-3,0,2,1,0,0,0,0,-2,0,0,0,1,-3,0,0,0,0,-1,1,0,0,0,-1,1,0,0,-1,1,-2,0,0,0,0,-1,0 A=d639d0218a58f3345dfef1606b00420fdf36e0f0ad75910f265d6ada0793337ecfe613e939f6f3f4b98be7a0cab7f417949a2eb1f187ad61182c4af4ff30abd2974820ebed8aead921e5e091bb3c6a43f20e177aa7d1d2886ae6dd470117d92e0c335d551b05fb506ebf78c6cb13f9e5709ccaae11b3de08ae21444526735f0a
ss e=0,0,0,2,-1,-1,0,1,-1,0,-2,0,-1,0,1,0,0,0,0,1,0,0,0,0,0,0,0,-2,0,0,0,0,-1,0,0,0,0,0,0,1,0,0,0,0,0,0,0,-1,1,0,0,0,0,0,0,0,0,0,0,0,0,0,0,0,0,0,0,1,-1,0,0,1,0,0,0,-1,0,1,-1,1,-1,1,0,0,0,-1,0,0,1,0,-1,-1,1,0,1,-1,0,0,0,0,0,2,0,-1,0,1,1,0,-1,0,0,0,0,0,0,0,-1,0,0,0,0,0,0,0,0,0,0,0,0,0 f=-1,0,0,-1,0,0,0,1,1,0,2,0,1,0,0,0,0,-1,-1,0,0,0,-1,0,-1,0,0,0,0,0,0,0,1,0,0,0,0,0,1,0,-1,0,0,-1,0,0,-1,1,0,0,0,0,0,0,0,0,0,0,0,0,1,0,0,0,0,0,0,0,1,0,0,1,1,0,1,0,1,1,0,-1,0,0,1,-1,0,-1,0,1,-2,1,0,-1,0,0,0,0,0,1,0,0,0,0,2,0,0,0,-1,0,0,0,-1,-1,1,0,0,1,0,0,-1,1,0,1,0,0,0,0,1,-1,0,0 A=22c0231ed0206125941665fb4afcdbe4c61b002f3be9c7d0dc292545904ac1062fe65271d31863e80f7cc17957f060208d079cdc3a0fe50327d3ab182e699537e2ed8b2c64660ced1c9262ffe6e51184f69bb68e0a7a93c6bb5de48b0e1fe0e094926d40370bb86bad4232c237b55d6e4948527d35b530f4e0ea04357433ef04
ss e=-1,0,0,-1,0,0,0,1,1,0,2,0,1,0,0,0,0,-1,-1,0,0,0,-1,0,-1,0,0,0,0,0,0,0,1,0,0,0,0,0,1,0,-1,0,0,-1,0,0,-1,1,0,0,0,0,0,0,0,0,0,0,0,0,1,0,0,0,0,0,0,0,1,0,0,1,1,0,1,0,1,1,0,-1,0,0,1,-1,0,-1,0,1,-2,1,0,-1,0,0,0,0,0,1,0,0,0,0,2,0,0,0,-1,0,0,0,-1,-1,1,0,0,1,0,0,-1,1,0,1,0,0,0,0,1,-1,0,0 f=0,0,0,2,-1,-1,0,1,-1,0,-2,0,-1,0,1,0,0,0,0,1,0,0,0,0,0,0,0,-2,0,0,0,0,-1,0,0,0,0,0,0,1,0,0,0,0,0,0,0,-1,1,0,0,0,0,0,0,0,0,0,0,0,0,0,0,0,0,0,0,1,-1,0,0,1,0,0,0,-1,0,1,-1,1,-1,1,0,0,0,-1,0,0,1,0,-1,-1,1,0,1,-1,0,0,0,0,0,2,0,-1,0,1,1,0,-1,0,0,0,0,0,0,0,-1,0,0,0,0,0,0,0,0,0,0,0,0,0 A=22c0231ed0206125941665fb4afcdbe4c61b002f3be9c7d0dc292545904ac1062fe65271d31863e80f7cc17957f060208d079cdc3a0fe50327d3ab182e699537e2ed8b2c64660ced1c9262ffe6e51184f69bb68e0a7a93c6bb5de48b0e1fe0e094926d40370bb86bad4232c237b55d6e4948527d35b530f4e0ea04357433ef04
ss e=-2,0,2,0,0,0,0,0,0,0,0,0,0,0,-1,0,-1,0,1,-1,0,0,-2,2,0,0,-1,0,1,0,0,-1,0,0,0,0,0,1,0,1,0,2,0,0,1,0,0,0,0,0,1,0,-1,-1,1,0,1,0,0,0,0,-1,1,0,-1,0,0,0,0,0,0,0,0,0,0,0,0,0,0,0,-1,0,1,1,0,0,-1,1,0,0,0,0,0,0,0,0,1,-1,0,-1,0,0,0,0,0,0,0,0,0,0,0,0,0,0,0,0,0,0,0,0,0,1,0,0,1,0,0,1,0,0 f=0,1,0,1,0,0,-2,1,1,0,0,0,1,0,0,0,-1,0,-1,-2,1,0,0,0,0,0,-1,0,0,0,2,0,0,0,0,1,0,0,0,0,0,0,0,0,0,0,0,-1,2,0,-1,0,0,0,0,0,0,0,1,0,1,0,0,2,1,1,0,1,1,1,0,0,0,0,-1,0,0,1,0,0,1,2,0,0,0,0,0,0,0,0,0,0,-1,0,1,0,0,0,0,0,0,1,0,0,2,0,0,0,0,0,0,0,0,0,0,0,0,0,0,0,0,2,0,0,0,0,0,1,-1,0 A=35af61d4fa0c9d2bcf3a4716c1075319c8a646494dd06a5cd9488dae694670cd78357e19d33c9e991a00210e67f176e54688c581797068e53aad9f0dcf2b60ef04a3d5a836bd6751972cc0b9ddaeec47ce0114b97908aa7ae7bbc9c3d1f0c3a29827a38d349ccb4bf872b2e216c14c13404f18f8bbe1e48ba95e452d6cff6502
ss e=0,0,-2,0,2,0,1,-1,-1,-1,0,0,-2,3,0,2,-3,-1,0,0,0,0,-1,1,-1,2,-2,-2,0,0,0,0,2,0,1,2,-1,0,-2,2,0,0,0,2,-1,0,0,1,-1,-1,-2,-1,0,0,-1,2,0,0,-1,-1,-1,-1,0,1,-1,0,0,-1,1,-1,0,0,3,1,-2,0,0,0,0,0,-1,2,0,-1,-2,-1,0,0,2,2,0,-3,0,-1,-1,0,-1,1,0,-1,0,0,1,2,1,0,0,1,0,0,1,0,1,0,0,-1,0,3,0,0,1,1,0,0,0,0,1,-1,0,0 f=0,-2,-2,0,-1,4,0,0,0,1,0,3,0,1,-2,0,1,-1,-1,-1,0,-2,-1,0,0,3,-3,0,0,0,2,0,-2,1,0,-2,0,1,1,0,0,1,-2,1,0,0,0,1,2,1,2,-1,2,-1,1,0,1,0,0,0,1,-2,2,0,1,0,-1,0,2,-1,2,0,-1,0,0,1,0,-2,0,2,0,1,0,3,0,-2,-2,0,0,1,0,1,1,0,-1,0,0,0,1,-2,0,-2,0,0,0,-1,0,1,1,-1,0,0,-1,0,0,-1,0,-1,1,0,3,0,0,0,1,0,-1,0,0,0 A=a067ce478e4e3aa3758f57180feab8c9c13701378921e27fde01f8b4fc9f097b4a29268699e8cac170849d49ca11dbc102ee0d58cc73cb51ee51ee13e9363fd5bafc1219217e5f6ba1a9c58f269628ba3baedbe16b0ddfbc6cbf355bf8695b49958c6b7cb3c7db34139c26e15514cfca8dc993a420ec2a03cf23e795b63bd308
ss e=0,-2,-2,0,-1,4,0,0,0,1,0,3,0,1,-2,0,1,-1,-1,-1,0,-2,-1,0,0,3,-3,0,0,0,2,0,-2,1,0,-2,0,1,1,0,0,1,-2,1,0,0,0,1,2,1,2,-1,2,-1,1,0,1,0,0,0,1,-2,2,0,1,0,-1,0,2,-1,2,0,-1,0,0,1,0,-2,0,2,0,1,0,3,0,-2,-2,0,0,1,0,1,1,0,-1,0,0,0,1,-2,0,-2,0,0,0,-1,0,1,1,-1,0,0,-1,0,0,-1,0,-1,1,0,3,0,0,0,1,0,-1,0,0,0 f=-1,-1,1,0,3,0,-1,-1,1,-1,0,0,-1,1,0,-2,1,0,0,-2,0,0,-1,4,0,-1,-1,-1,1,2,1,0,-2,0,0,-1,-2,1,0,-3,0,0,2,-1,0,0,-1,0,-1,-2,0,0,3,0,0,1,0,-2,0,-1,0,4,0,1,0,2,0,0,-1,0,-1,-2,0,1,1,-1,0,1,-1,1,-1,1,0,1,1,-1,0,-2,1,1,1,0,1,0,-3,0,2,1,0,0,0,0,-2,0,0,0,1,-3,0,0,0,0,-1,1,0,0,0,-1,1,0,0,-1,1,-2,0,0,0,0,-1,0 A=f48c04bb733c6589d342d579f304cf437df30f8b3fbe5b6678ad8bf24923a4a7393ebca507651ff62fb28a6c93bcbd3003f0b2af18504df3ab56b54482ecb0bbb5fd9a9e620bfddd6df748748f58b26624cbe35624fea84aa9bb3a745f3ac9b80ca587a517fd7682da0f6abc7970066525f3037faf45a1b0cffa61213e89680a
