pk e=0,0,0,0,0,0,0,0,0,0,0,0,0,0,0,0,0,0,0,0,0,0,0,0,0,0,0,0,0,0,0,0,0,0,0,0,0,0,0,0,0,0,0,0,0,0,0,0,0,0,0,0,0,0,0,0,0,0,0,0,0,0,0,0,0,0,0,0,0,0,0,0,0,0 A=00000000000000000000000000000000000000000000000000000000000000000000000000000000000000000000000000000000000000000000000000000000
pk e=1,0,0,0,0,0,0,0,0,0,0,0,0,0,0,0,0,0,0,0,0,0,0,0,0,0,0,0,0,0,0,0,0,0,0,0,0,0,0,0,0,0,0,0,0,0,0,0,0,0,0,0,0,0,0,0,0,0,0,0,0,0,0,0,0,0,0,0,0,0,0,0,0,0 A=1f687390370ef914e26c691ab0bedc7b598e18e86804527085af059df8b476f8e1ace268ca309fca797f8bcc006a45855890a717d6c0118687814bd78b843f4f
pk e=-1,0,0,0,0,0,0,0,0,0,0,0,0,0,0,0,0,0,0,0,0,0,0,0,0,0,0,0,0,0,0,0,0,0,0,0,0,0,0,0,0,0,0,0,0,0,0,0,0,0,0,0,0,0,0,0,0,0,0,0,0,0,0,0,0,0,0,0,0,0,0,0,0,0 A=5c6053a3cdaa8806533b433d445d9546ccc0f236632c15e181a5edcacc1134afeb1c402afccb5c90c80c3d213a9ee72ef2bb9646fbef78763808c49c030a7516
pk e=0,5,0,0,0,0,0,0,0,0,0,0,0,0,0,0,0,0,0,0,0,0,0,0,0,0,0,0,0,0,0,0,0,0,0,0,0,0,0,0,0,0,0,0,0,0,0,0,0,0,0,0,0,0,0,0,0,0,0,0,0,0,0,0,0,0,0,0,0,0,0,0,0,0 A=d738b50dd17a308f87c5070206e54940ae5208b0869a83f404425aea7f0940b02f92bbd6a321fd425b66de74ed2c9edb2f46823b47301fbe772b1e34d3e0d514
pk e=0,0,0,0,0,0,0,0,0,0,0,0,0,0,0,0,0,0,0,0,0,0,0,0,0,0,0,0,0,0,0,0,0,0,0,0,0,-5,0,0,0,0,0,0,0,0,0,0,0,0,0,0,0,0,0,0,0,0,0,0,0,0,0,0,0,0,0,0,0,0,0,0,0,0 A=6795a750e13c5b89be775861107843c67416aa255a6eb5e80baeef13e29b394fe8aa354e76e0f606d95a77a38312da8d4838819e86f933414089a2eb12eb961a
pk e=0,0,0,0,0,0,0,0,0,0,0,0,0,0,0,0,0,0,0,0,0,0,0,0,0,0,0,0,0,0,0,0,0,0,0,0,0,0,0,0,0,0,0,0,0,0,0,0,0,0,0,0,0,0,0,0,0,0,0,0,0,0,0,0,0,0,0,0,0,0,0,0,0,1 A=d6508a745c7164fdbe1b25718aee04a84f007df99b2a115355d2806b9bf310b4c61e61f343f2c18baa1c61398d334020e66df8f3e634c02e3ada463bbd86b54a
pk e=0,0,0,0,0,0,0,0,0,0,0,0,0,0,0,0,0,0,0,0,0,0,0,0,0,0,0,0,0,0,0,0,0,0,0,0,0,0,0,0,0,0,0,0,0,0,0,0,0,0,0,0,0,0,0,0,0,0,0,0,0,0,0,0,0,0,0,0,0,0,0,0,0,-1 A=a5773cbfa8471d1e768c87e6692d6d1ad64e8e25300656feb18272fc29d399f306abc19f820a3acf976f67b4add4ec9364de456aea7bcacd85afc838d207ff1a
pk e=0,0,-4,1,0,-1,0,-2,-4,-1,-1,0,0,0,0,0,0,0,0,0,0,0,-1,1,-1,0,0,1,-2,-3,1,0,-1,3,-1,1,1,0,-2,2,-1,0,0,1,-2,-2,3,3,1,0,0,0,0,-1,-2,1,0,0,0,1,1,0,0,1,1,0,0,-1,0,0,0,0,-1,1 A=c110f05e74e3b9d8c56b81f4d7c4ef5614049d144ae2e9598809bdfc2518cab1054090dde880a4b6c956b1dffb8fec134f9479b8d11dc3d86102ea9e07b2c435
pk e=1,5,0,0,-1,1,1,0,0,3,3,1,0,-1,0,0,-1,1,1,0,-1,-1,1,-1,1,1,0,0,1,0,1,0,1,1,0,-3,-1,-1,0,-1,2,-1,1,0,0,0,0,-1,0,0,0,-1,-2,-1,-1,1,0,1,-1,1,0,0,-1,0,0,1,0,-1,0,0,0,2,1,-1 A=5797a24b6f30dd2800338f4c23c53dad1adaa07ffe0650fe6e089f1160917e164de36d06756fc0b0683f0e49bebef6fb3df83e6aee65eb9b55a0688f9feccf4c
pk e=0,0,-1,-3,0,-1,0,-2,2,-2,0,0,0,0,0,0,0,0,-1,0,0,1,1,0,1,0,1,-1,0,0,1,0,0,0,0,-1,1,1,1,-2,0,0,0,0,1,-1,-1,0,0,0,1,0,-1,0,1,0,-1,0,1,-1,3,1,-2,0,1,0,0,0,0,0,1,0,0,0 A=c6b5e047603b529e0aaaff7b2311ae7274d3a10512f4c9583df97b6f755f5008966472eea355b847b88c13856de6f809e434ff8aee8661eb02f43a500f1bcc2c
pk e=2,0,0,-2,-1,0,-1,-1,1,1,1,0,1,0,0,0,-2,0,0,-4,0,-1,-1,-1,-2,0,-1,-1,1,-1,0,1,1,2,0,-2,1,-2,2,1,2,-1,0,0,-1,-1,0,-1,-1,1,2,-1,1,1,0,0,-1,1,0,0,0,0,0,1,0,1,-1,0,-2,0,1,-1,2,-1 A=311d0092e90e00ea3c1c01fda23a0f129435974591b0329e928b820090d00c2a8581c300b766774d85cd8092caf0ccf12ac3623774874f0977aa94bb4230252b
pk e=-7,2,-4,-1,-5,-1,5,5,4,-9,-1,-6,1,4,0,-2,-1,-1,1,3,1,10,1,0,5,1,6,5,-1,0,-1,-1,-7,0,7,0,-1,1,-3,2,-6,3,1,-1,0,1,3,-1,0,2,-6,1,-1,0,-4,-1,-1,5,0,-1,3,0,-2,-3,-1,0,1,5,0,3,1,-1,-2,1 A=8e4c0896c70920144ff0716ff1734cabca9572654053b504c4c78e73e23ec07eca6ca578912705eeb37baefb4cac041459dc41f6fdaaf88c232621d4d73d145c
pk e=-2,2,-2,8,1,6,0,-4,-6,1,5,-6,-4,-3,4,1,-4,5,0,0,-7,-6,1,5,1,3,1,-2,-5,3,0,4,1,0,-2,-4,4,-1,0,0,3,-1,2,3,1,0,-3,4,-2,-2,-2,1,5,-1,-2,-2,-2,-5,0,-2,0,4,-1,3,-3,0,0,-2,3,-2,1,-2,-2,0 A=b97dda37677f8cdc41a0b8bcc8c503d8fb6d55ea6986989899b19efbd35ad7dc6dfba270859f0c5a9774926d0ba6df3227363667ebb8a5af5510db18e0cd9439
pk e=7,1,-5,-3,3,1,-10,1,0,2,-2,1,-5,-6,-2,0,8,0,7,1,3,-3,-3,-2,0,-3,5,1,-4,0,-2,-4,2,1,-2,1,2,4,-5,-1,1,3,2,0,1,4,-1,1,-4,2,-4,0,-3,-5,2,-1,0,0,3,2,3,4,0,0,-3,-1,-2,0,-4,4,2,0,0,1 A=c58d669df53c37a03ddfb2d228333996e84bcb5a97dfcd497ae73ec3c5ee0bf82b27ae703ba0ce64664b9013215a874b41948ae357c60a60949c6a67c06d142e
ss e=0,0,-4,1,0,-1,0,-2,-4,-1,-1,0,0,0,0,0,0,0,0,0,0,0,-1,1,-1,0,0,1,-2,-3,1,0,-1,3,-1,1,1,0,-2,2,-1,0,0,1,-2,-2,3,3,1,0,0,0,0,-1,-2,1,0,0,0,1,1,0,0,1,1,0,0,-1,0,0,0,0,-1,1 f=1,5,0,0,-1,1,1,0,0,3,3,1,0,-1,0,0,-1,1,1,0,-1,-1,1,-1,1,1,0,0,1,0,1,0,1,1,0,-3,-1,-1,0,-1,2,-1,1,0,0,0,0,-1,0,0,0,-1,-2,-1,-1,1,0,1,-1,1,0,0,-1,0,0,1,0,-1,0,0,0,2,1,-1 A=1d9fb8b29ba3196a08332871c1656f76095c12378aa824a4f3d288c489e90e91464573a373b3e6f44ca3ca2babf050af644b07fac488751188c4c39c06e99521
ss e=1,5,0,0,-1,1,1,0,0,3,3,1,0,-1,0,0,-1,1,1,0,-1,-1,1,-1,1,1,0,0,1,0,1,0,1,1,0,-3,-1,-1,0,-1,2,-1,1,0,0,0,0,-1,0,0,0,-1,-2,-1,-1,1,0,1,-1,1,0,0,-1,0,0,1,0,-1,0,0,0,2,1,-1 f=0,0,-4,1,0,-1,0,-2,-4,-1,-1,0,0,0,0,0,0,0,0,0,0,0,-1,1,-1,0,0,1,-2,-3,1,0,-1,3,-1,1,1,0,-2,2,-1,0,0,1,-2,-2,3,3,1,0,0,0,0,-1,-2,1,0,0,0,1,1,0,0,1,1,0,0,-1,0,0,0,0,-1,1 A=1d9fb8b29ba3196a08332871c1656f76095c12378aa824a4f3d288c489e90e91464573a373b3e6f44ca3ca2babf050af644b07fac488751188c4c39c06e99521
ss e=0,0,-1,-3,0,-1,0,-2,2,-2,0,0,0,0,0,0,0,0,-1,0,0,1,1,0,1,0,1,-1,0,0,1,0,0,0,0,-1,1,1,1,-2,0,0,0,0,1,-1,-1,0,0,0,1,0,-1,0,1,0,-1,0,1,-1,3,1,-2,0,1,0,0,0,0,0,1,0,0,0 f=2,0,0,-2,-1,0,-1,-1,1,1,1,0,1,0,0,0,-2,0,0,-4,0,-1,-1,-1,-2,0,-1,-1,1,-1,0,1,1,2,0,-2,1,-2,2,1,2,-1,0,0,-1,-1,0,-1,-1,1,2,-1,1,1,0,0,-1,1,0,0,0,0,0,1,0,1,-1,0,-2,0,1,-1,2,-1 A=cda6d7b0e0b649ee374e078b86240c998b8d8a4d6aeee3c8ded7056911de01be5158f934c767a2c4582efae172321bdd5b80325e13a6d6999677336216169138
ss e=-2,2,-2,8,1,6,0,-4,-6,1,5,-6,-4,-3,4,1,-4,5,0,0,-7,-6,1,5,1,3,1,-2,-5,3,0,4,1,0,-2,-4,4,-1,0,0,3,-1,2,3,1,0,-3,4,-2,-2,-2,1,5,-1,-2,-2,-2,-5,0,-2,0,4,-1,3,-3,0,0,-2,3,-2,1,-2,-2,0 f=-7,2,-4,-1,-5,-1,5,5,4,-9,-1,-6,1,4,0,-2,-1,-1,1,3,1,10,1,0,5,1,6,5,-1,0,-1,-1,-7,0,7,0,-1,1,-3,2,-6,3,1,-1,0,1,3,-1,0,2,-6,1,-1,0,-4,-1,-1,5,0,-1,3,0,-2,-3,-1,0,1,5,0,3,1,-1,-2,1 A=30b22cb9470870e7aba1344c70bef3019fc3e8d60308e194ef6608c4f6abef78f12e65d3d273c54ce8a3e948b6fc7569137b8444d4b6a3038ed25d53e6fabe36
ss e=-7,2,-4,-1,-5,-1,5,5,4,-9,-1,-6,1,4,0,-2,-1,-1,1,3,1,10,1,0,5,1,6,5,-1,0,-1,-1,-7,0,7,0,-1,1,-3,2,-6,3,1,-1,0,1,3,-1,0,2,-6,1,-1,0,-4,-1,-1,5,0,-1,3,0,-2,-3,-1,0,1,5,0,3,1,-1,-2,1 f=7,1,-5,-3,3,1,-10,1,0,2,-2,1,-5,-6,-2,0,8,0,7,1,3,-3,-3,-2,0,-3,5,1,-4,0,-2,-4,2,1,-2,1,2,4,-5,-1,1,3,2,0,1,4,-1,1,-4,2,-4,0,-3,-5,2,-1,0,0,3,2,3,4,0,0,-3,-1,-2,0,-4,4,2,0,0,1 A=593349841b4f7ad47be86aa8323b50e839cd97fa77101b548c04aed7fd43d3d7dd6e5118ae4d7b46a047ce0f6c53e035d4f822b61fa3be89570ea6af48619029
